1 amin 15000 15000
2 ali 22000 15000
3 sara 18000 18000
4 reza 32000 24000
5 nima 45000 45000
6 hadi 9000 7000
7 tina 22000 22000
8 amir 38000 28000
9 neda 27000 27000
10 arman 45000 30000
11 yasmin 16000 16000
12 pooya 32000 24000
13 elnaz 21000 21000
14 behzad 38000 28000
15 siavash 29000 21000
16 milad 9000 9000
17 farah 16000 12000
18 soheil 41000 41000
19 parisa 27000 20000
20 kamran 45000 30000
21 sahar 15000 15000
22 majid 32000 24000
23 roxana 21000 16000
24 babak 38000 38000
25 shayan 49000 35000
26 navid 9000 7000
27 azadeh 27000 27000
28 peyman 32000 24000
29 leila 29000 21000
30 farhad 45000 45000
31 mahsa 16000 16000
32 arash 38000 28000
33 elham 21000 21000
34 masoud 32000 24000
35 kasra 49000 35000
36 hamid 15000 10000
37 shirin 27000 27000
38 omid 38000 28000
39 taraneh 29000 21000
40 vahid 45000 30000
41 sepideh 16000 16000
42 mohsen 32000 24000
43 zohreh 21000 16000
44 ehsan 38000 38000
45 pouya 49000 35000
46 behnam 9000 9000
47 negin 27000 20000
48 iman 32000 32000
49 golnaz 29000 21000
50 rasoul 45000 30000
51 laila 15000 15000
52 hossein 32000 24000
53 maryam 21000 21000
54 javad 38000 28000
55 sina 49000 49000
56 samira 9000 7000
57 yaser 27000 27000
58 shabnam 32000 24000
59 davood 29000 21000
60 nazanin 45000 30000
61 hamoon 16000 16000
62 katayoun 32000 24000
63 behrouz 21000 16000
64 kian 38000 38000
65 niloufar 49000 35000
66 mostafa 15000 15000
67 atefeh 27000 20000
68 afshin 32000 32000
69 arezoo 29000 21000
70 farzin 45000 30000
71 mitra 16000 16000
72 hooman 38000 28000
73 pedram 21000 21000
74 yousef 32000 24000
75 shadi 49000 35000
76 hamzeh 9000 9000
77 setareh 27000 20000
78 behrad 38000 38000
79 parham 29000 21000
80 shahab 45000 30000
81 fahimeh 15000 15000
82 saeed 32000 24000
83 arya 21000 21000
84 bahareh 38000 28000
85 kazem 49000 49000
86 roozbeh 9000 7000
87 akbar 27000 27000
88 mansour 32000 24000
89 helia 29000 21000
90 aliakbar 45000 30000
91 soroush 16000 16000
92 behnaz 32000 24000
93 majan 21000 21000
94 younes 38000 38000
95 shahla 49000 35000
96 peyvand 15000 15000
97 iman2 27000 28000
98 mohsen2 32000 29000

